88
53
17
49
62
118
8
116
45
183
125
189
109
123
30
82
131
4
47
150
196
58
165
92
176
115
33
141
46
106
172
170
84
190
111
194
138
65
167
164
71
126
10
36
120
6
56
42
155
160
184
185
68
103
100
149
1
28
2
166
142
177
151
69
127
96
54
76
160
74
40
184
178
7
99
172
5
64
22
61
94
157
119
139
87
32
91
12
167
159
81
163
15
116
27
114
110
113
129
89
126
21
3
173
23
75
160
48
160
158
157
31
140
73
51
34
14
20
55
179
136
86
8
19
50
60
43
179
77
85
160
93
52
136
29
155
147
95
134
9
59
150
170
105
37
162
67
44
78
38
137
181
113
100
182
158
24
25
101
70
133
128
146
102
91
18
66
4
35
172
80
123
120
199
199
147
161
176
2
63
45
98
39
112
171
160
56
121
107
182
113
125
49
115
84
53
131
107
130
1